0,8097,
1,5519,
2,7621,
3,4927,
4,3310,
5,9167,
6,945,
7,9165,
8,3277,
9,8851,
10,9170,
11,8845,
12,1796,
13,7943,
14,9979,
15,5798,
16,3151,
17,7254,
18,5526,
19,2154,
20,6467,
21,7718,
22,8054,
23,9680,
24,5648,
25,5780,
26,3341,
27,1618,
28,9638,
29,3281,
30,1775,
31,4228,
32,8057,
33,3790,
34,1286,
35,4807,
36,7223,
37,2707,
38,3912,
39,6764,
40,4728,
41,2486,
42,4678,
43,4076,
44,6792,
45,5978,
46,1990,
47,8904,
48,7170,
49,4630,
50,6339,
51,8269,
52,6941,
53,1320,
54,2675,
55,7866,
56,1003,
57,4105,
58,1114,
59,6581,
60,3535,
61,7555,
62,2398,
63,9514,
64,8719,
65,9985,
66,9386,
67,2293,
68,1739,
69,1397,
70,4390,
71,2323,
72,2061,
73,3215,
74,855,
75,372,
76,449,
77,4157,
78,4739,
79,2452,
80,7431,
81,1022,
82,2408,
83,7242,
84,822,
85,1068,
86,2077,
87,992,
88,2003,
89,713,
90,2857,
91,2116,
92,6130,
93,7880,
94,131,
95,6606,
96,92,
97,5040,
98,4537,
99,8803,
100,9107,
101,2844,
102,5605,
103,3737,
104,9154,
105,359,
106,3469,
107,5853,
108,2136,
109,8103,
110,5082,
111,4065,
112,9878,
113,1254,
114,6379,
115,4858,
116,2790,
117,7721,
118,4939,
119,8441,
120,2079,
121,5194,
122,3520,
123,9864,
124,4535,
125,8345,
126,3670,
127,4839,
128,1288,
129,3203,
130,9419,
131,6183,
132,8134,
133,8193,
134,8924,
135,2952,
136,4527,
137,1013,
138,3888,
139,1838,
140,5012,
141,7600,
142,3555,
143,4793,
144,7864,
145,8999,
146,3734,
147,2869,
148,7478,
149,8967,
150,9157,
151,254,
152,376,
153,4918,
154,889,
155,1896,
156,9653,
157,9965,
158,927,
159,1439,
160,7130,
161,2035,
162,6776,
163,3323,
164,3117,
165,4443,
166,6002,
167,2566,
168,6878,
169,1121,
170,6312,
171,6688,
172,2190,
173,4896,
174,5446,
175,8034,
176,9380,
177,8472,
178,2784,
179,1762,
180,8846,
181,9422,
182,6306,
183,1591,
184,2373,
185,3333,
186,2810,
187,1790,
188,645,
189,7916,
190,9030,
191,5980,
192,4315,
193,9639,
194,3256,
195,613,
196,9375,
197,1058,
198,6641,
199,4764,
200,4004,
201,8867,
202,5005,
203,7499,
204,8878,
205,864,
206,9723,
207,2309,
208,7059,
209,1665,
210,4672,
211,3531,
212,9109,
213,7863,
214,2716,
215,9964,
216,959,
217,4429,
218,8269,
219,160,
220,462,
221,7070,
222,8787,
223,3159,
224,1410,
225,200,
226,7268,
227,8877,
228,6021,
229,1663,
230,2624,
231,5154,
232,3884,
233,1284,
234,5367,
235,7335,
236,3003,
237,1607,
238,1802,
239,8490,
240,3709,
241,6651,
242,6144,
243,1670,
244,8740,
245,5529,
246,5626,
247,5237,
248,6430,
249,8280,
250,777,
251,8056,
252,313,
253,1996,
254,2990,
255,2792,
256,7160,
257,2908,
258,8354,
259,1517,
260,423,
261,9577,
262,487,
263,3391,
264,1899,
265,8715,
266,7327,
267,764,
268,1822,
269,157,
270,1851,
271,5337,
272,4009,
273,2045,
274,6775,
275,5644,
276,4770,
277,7821,
278,9796,
279,5161,
280,9257,
281,7197,
282,2214,
283,3564,
284,9662,
285,5885,
286,6415,
287,2583,
288,7717,
289,8573,
290,6123,
291,6828,
292,972,
293,2280,
294,4910,
295,9788,
296,5308,
297,6512,
298,9179,
299,6625,
300,2542,
301,8171,
302,951,
303,3962,
304,7280,
305,5311,
306,3437,
307,6421,
308,9720,
309,7066,
310,898,
311,2610,
312,6249,
313,7877,
314,4524,
315,740,
316,4532,
317,2697,
318,4751,
319,7051,
320,1104,
321,243,
322,5784,
323,8449,
324,9853,
325,9716,
326,2557,
327,2546,
328,8773,
329,1644,
330,2052,
331,4191,
332,4468,
333,2536,
334,7700,
335,596,
336,5785,
337,3385,
338,9674,
339,3705,
340,9902,
341,2520,
342,9356,
343,38,
344,7157,
345,2023,
346,787,
347,9610,
348,1971,
349,6713,
350,5668,
351,1374,
352,5522,
353,2580,
354,2607,
355,4917,
356,7505,
357,454,
358,4845,
359,3911,
360,4366,
361,3318,
362,2675,
363,2542,
364,2391,
365,4301,
366,1612,
367,3824,
368,893,
369,7588,
370,8022,
371,1471,
372,2651,
373,5903,
374,6507,
375,6094,
376,6374,
377,4651,
378,8611,
379,5,
380,4516,
381,5748,
382,8824,
383,5846,
384,1042,
385,2490,
386,7466,
387,4576,
388,8161,
389,1061,
390,1332,
391,2323,
392,1568,
393,2358,
394,7839,
395,1190,
396,9360,
397,6976,
398,4181,
399,5654,
400,1380,
401,1479,
402,2153,
403,4128,
404,6327,
405,4792,
406,8437,
407,705,
408,5699,
409,4089,
410,3972,
411,2188,
412,1263,
413,3474,
414,7553,
415,3116,
416,2376,
417,8493,
418,6831,
419,4506,
420,1540,
421,6729,
422,9099,
423,5808,
424,6195,
425,7365,
426,9935,
427,3919,
428,4983,
429,9931,
430,585,
431,2142,
432,6197,
433,235,
434,1339,
435,5892,
436,315,
437,7530,
438,4915,
439,7225,
440,8805,
441,9210,
442,2910,
443,696,
444,9563,
445,6028,
446,4409,
447,951,
448,7182,
449,4115,
450,7240,
451,4986,
452,1155,
453,2347,
454,8906,
455,4741,
456,5310,
457,4714,
458,8653,
459,6016,
460,4355,
461,534,
462,3518,
463,0,
464,3400,
465,4039,
466,2148,
467,4179,
468,9487,
469,8317,
470,462,
471,8588,
472,6771,
473,2197,
474,9833,
475,6033,
476,5025,
477,3705,
478,1158,
479,2241,
480,4986,
481,1734,
482,828,
483,569,
484,7077,
485,2498,
486,7962,
487,7385,
488,6778,
489,2397,
490,7584,
491,1507,
492,1900,
493,311,
494,6590,
495,1059,
496,1223,
497,6387,
498,6748,
499,677,
500,8042,
501,6586,
502,3276,
503,8387,
504,854,
505,5779,
506,9213,
507,2974,
508,9817,
509,9265,
510,6018,
511,4992,
512,9956,
513,8733,
514,9794,
515,7312,
516,9331,
517,3158,
518,5457,
519,7125,
520,6942,
521,6183,
522,7615,
523,382,
524,1995,
525,4952,
526,5392,
527,3969,
528,5303,
529,9623,
530,5676,
531,7506,
532,5669,
533,3160,
534,775,
535,7030,
536,1414,
537,8762,
538,5587,
539,5033,
540,1594,
541,4093,
542,1956,
543,9565,
544,3669,
545,1345,
546,1940,
547,5,
548,37,
549,5536,
550,9801,
551,9697,
552,8483,
553,9615,
554,2468,
555,4138,
556,8344,
557,9840,
558,9195,
559,6336,
560,3154,
561,5564,
562,3994,
563,9361,
564,8616,
565,1327,
566,9589,
567,5581,
568,8986,
569,501,
570,4625,
571,4456,
572,4572,
573,7572,
574,84,
575,1440,
576,2341,
577,3577,
578,3433,
579,6640,
580,4034,
581,2231,
582,5848,
583,8724,
584,7024,
585,2317,
586,1462,
587,5774,
588,2907,
589,7288,
590,2025,
591,4281,
592,2464,
593,3177,
594,5135,
595,1371,
596,3082,
597,3000,
598,32,
599,7456,
600,8747,
601,8121,
602,2064,
603,9460,
604,1224,
605,4942,
606,1802,
607,6753,
608,2363,
609,2749,
610,2201,
611,5019,
612,9955,
613,2771,
614,7672,
615,7416,
616,62,
617,9993,
618,3981,
619,7028,
620,8666,
621,3767,
622,1585,
623,2883,
624,25,
625,902,
626,900,
627,2936,
628,131,
629,858,
630,9934,
631,1190,
632,3280,
633,7600,
634,937,
635,2533,
636,2278,
637,6675,
638,6653,
639,8456,
640,9231,
641,9493,
642,2844,
643,3372,
644,7455,
645,9149,
646,8560,
647,9635,
648,9733,
649,3356,
650,545,
651,1138,
652,6864,
653,981,
654,7563,
655,1272,
656,5572,
657,6028,
658,4847,
659,2192,
660,780,
661,669,
662,809,
663,3208,
664,2578,
665,2689,
666,947,
667,7667,
668,5021,
669,7404,
670,8936,
671,4620,
672,1387,
673,4986,
674,4490,
675,9741,
676,9983,
677,1980,
678,5480,
679,1598,
680,8348,
681,1965,
682,3434,
683,4545,
684,2531,
685,9258,
686,6095,
687,1998,
688,3481,
689,6386,
690,1674,
691,3243,
692,5373,
693,6202,
694,7848,
695,9518,
696,2968,
697,3220,
698,3557,
699,4822,
700,2230,
701,8688,
702,9392,
703,6742,
704,9140,
705,947,
706,1868,
707,2596,
708,6475,
709,9880,
710,152,
711,9105,
712,2860,
713,389,
714,1600,
715,3497,
716,4491,
717,1391,
718,2533,
719,1662,
720,2769,
721,3120,
722,1676,
723,4464,
724,4205,
725,9848,
726,3763,
727,1248,
728,9259,
729,4033,
730,8601,
731,2693,
732,472,
733,1784,
734,5214,
735,366,
736,7445,
737,713,
738,2536,
739,1913,
740,9658,
741,7322,
742,7975,
743,1380,
744,7628,
745,9275,
746,8524,
747,1906,
748,4290,
749,1563,
750,8678,
751,3056,
752,7092,
753,687,
754,5212,
755,200,
756,2437,
757,6463,
758,2178,
759,4646,
760,5363,
761,1585,
762,8742,
763,1481,
764,4572,
765,2107,
766,5578,
767,1692,
768,1428,
769,4323,
770,9655,
771,1942,
772,516,
773,4008,
774,6335,
775,7231,
776,6117,
777,5351,
778,516,
779,6260,
780,5565,
781,1959,
782,8312,
783,8556,
784,7513,
785,8550,
786,2708,
787,1835,
788,2412,
789,599,
790,1469,
791,6615,
792,2599,
793,4572,
794,6708,
795,122,
796,5914,
797,2001,
798,6108,
799,2040,
800,857,
801,8969,
802,1985,
803,2897,
804,9362,
805,6573,
806,1831,
807,585,
808,4734,
809,353,
810,2257,
811,710,
812,1911,
813,7849,
814,8900,
815,122,
816,2505,
817,5021,
818,187,
819,1185,
820,1339,
821,2665,
822,924,
823,877,
824,9696,
825,3304,
826,6362,
827,1824,
828,1369,
829,6274,
830,1645,
831,2313,
832,141,
833,1315,
834,2815,
835,3732,
836,9228,
837,3038,
838,1976,
839,491,
840,1760,
841,2098,
842,1260,
843,9217,
844,709,
845,2507,
846,2659,
847,3137,
848,2411,
849,1724,
850,2041,
851,4338,
852,842,
853,6604,
854,7351,
855,1806,
856,7253,
857,5871,
858,8866,
859,2995,
860,1601,
861,1127,
862,3475,
863,4073,
864,5560,
865,2410,
866,6567,
867,437,
868,1401,
869,3893,
870,4568,
871,1117,
872,8419,
873,1713,
874,5099,
875,8941,
876,8674,
877,597,
878,2715,
879,2570,
880,4984,
881,8060,
882,2726,
883,8885,
884,176,
885,6681,
886,8470,
887,595,
888,3279,
889,904,
890,979,
891,4314,
892,8299,
893,2455,
894,4871,
895,1230,
896,1873,
897,8309,
898,499,
899,6669,
900,2034,
901,3785,
902,2784,
903,8983,
904,2270,
905,8102,
906,6952,
907,8546,
908,2468,
909,9245,
910,6949,
911,8509,
912,919,
913,6740,
914,6762,
915,5620,
916,1317,
917,7926,
918,3986,
919,1859,
920,5957,
921,348,
922,9525,
923,5198,
924,8639,
925,314,
926,2786,
927,49,
928,4641,
929,5612,
930,4697,
931,3123,
932,1694,
933,9826,
934,88,
935,1265,
936,1049,
937,6250,
938,2825,
939,5432,
940,8083,
941,6973,
942,9690,
943,8930,
944,4482,
945,3789,
946,7037,
947,2373,
948,4498,
949,6766,
950,49,
951,9800,
952,5344,
953,2225,
954,2465,
955,1032,
956,1892,
957,7225,
958,1691,
959,1914,
960,5135,
961,7000,
962,9315,
963,4769,
964,278,
965,4985,
966,8089,
967,4722,
968,2670,
969,1684,
970,1560,
971,8502,
972,1464,
973,1997,
974,1713,
975,4161,
976,8414,
977,5773,
978,9272,
979,2945,
980,3743,
981,3782,
982,4796,
983,6504,
984,6135,
985,9569,
986,9517,
987,8701,
988,4515,
989,9867,
990,1433,
991,8864,
992,9268,
993,8463,
994,104,
995,4237,
996,1474,
997,2997,
998,5913,
999,8467,
1000,1378,
1001,3244,
1002,364,
1003,5398,
1004,3419,
1005,2227,
1006,5777,
1007,6881,
1008,9029,
1009,5343,
1010,6481,
1011,2640,
1012,9635,
1013,2024,
1014,44,
1015,3644,
1016,3203,
1017,4260,
1018,7074,
1019,2136,
1020,5060,
1021,1848,
1022,9382,
1023,9756,
1024,4823,
1025,3772,
1026,8416,
1027,3968,
1028,4457,
1029,8990,
1030,3601,
1031,5036,
1032,7136,
1033,314,
1034,3741,
1035,5262,
1036,7475,
1037,9737,
1038,1092,
1039,7659,
1040,8351,
1041,2920,
1042,2817,
1043,2729,
1044,2711,
1045,8699,
1046,6823,
1047,780,
1048,6060,
1049,8721,
1050,6056,
1051,160,
1052,334,
1053,3704,
1054,9353,
1055,4103,
1056,2529,
1057,4,
1058,8434,
1059,2370,
1060,2195,
1061,9485,
1062,5946,
1063,1013,
1064,9005,
1065,8359,
1066,9027,
1067,5975,
1068,8185,
1069,3527,
1070,3313,
1071,9415,
1072,275,
1073,5010,
1074,5264,
1075,5989,
1076,5603,
1077,711,
1078,919,
1079,8128,
1080,6089,
1081,3152,
1082,216,
1083,9708,
1084,2633,
1085,5668,
1086,1610,
1087,999,
1088,9450,
1089,321,
1090,1640,
1091,6587,
1092,3146,
1093,6233,
1094,1419,
1095,6406,
1096,6228,
1097,5082,
1098,4693,
1099,1384,
1100,1124,
1101,9523,
1102,80,
1103,5725,
1104,3338,
1105,3124,
1106,8103,
1107,6701,
1108,3662,
1109,1893,
1110,9026,
1111,7184,
1112,7619,
1113,3833,
1114,7208,
1115,9845,
1116,814,
1117,2132,
1118,1168,
1119,196,
1120,8361,
1121,5658,
1122,3417,
1123,2499,
1124,5091,
1125,7914,
1126,475,
1127,3574,
1128,2683,
1129,5340,
1130,3741,
1131,6843,
1132,5661,
1133,6119,
1134,2713,
1135,4213,
1136,9019,
1137,390,
1138,6748,
1139,7879,
1140,6032,
1141,235,
1142,9826,
1143,5635,
1144,4081,
1145,3125,
1146,3682,
1147,9443,
1148,4757,
1149,7182,
1150,1189,
1151,1032,
1152,1143,
1153,3032,
1154,3677,
1155,3025,
1156,4073,
1157,4601,
1158,7252,
1159,4463,
1160,6890,
1161,692,
1162,7538,
1163,4742,
1164,2187,
1165,330,
1166,52,
1167,8694,
1168,2367,
1169,4945,
1170,1145,
1171,4043,
1172,2882,
1173,660,
1174,1214,
1175,754,
1176,9084,
1177,5627,
1178,188,
1179,3342,
1180,2597,
1181,1836,
1182,2352,
1183,7961,
1184,7083,
1185,4466,
1186,700,
1187,1518,
1188,1617,
1189,8829,
1190,637,
1191,1671,
1192,2011,
1193,9850,
1194,285,
1195,5138,
1196,6583,
1197,1637,
1198,1849,
1199,9802,
1200,6910,
1201,1004,
1202,5141,
1203,2915,
1204,5404,
1205,3317,
1206,1998,
1207,7701,
1208,875,
1209,7555,
1210,4576,
1211,653,
1212,3495,
1213,8501,
1214,9018,
1215,3329,
1216,5646,
1217,3600,
1218,2831,
1219,5602,
1220,5814,
1221,7294,
1222,3198,
1223,2919,
1224,4147,
1225,998,
1226,1780,
1227,7895,
1228,1289,
1229,9214,
1230,4304,
1231,6055,
1232,5279,
1233,3327,
1234,7111,
1235,9253,
1236,5813,
1237,4216,
1238,4042,
1239,1220,
1240,5111,
1241,133,
1242,3061,
1243,3690,
1244,402,
1245,4818,
1246,4761,
1247,1830,
1248,5399,
1249,1850,
1250,4012,
1251,4405,
1252,5774,
1253,6389,
1254,6719,
1255,5511,
1256,8509,
1257,1169,
1258,6352,
1259,3309,
1260,7000,
1261,3631,
1262,8369,
1263,8326,
1264,4747,
1265,2754,
1266,1033,
1267,3787,
1268,118,
1269,1828,
1270,1818,
1271,3943,
1272,2088,
1273,666,
1274,4691,
1275,9035,
1276,1759,
1277,5353,
1278,5142,
1279,513,
1280,7855,
1281,8409,
1282,3788,
1283,255,
1284,6097,
1285,6664,
1286,4968,
1287,4638,
1288,7710,
1289,7938,
1290,5001,
1291,1484,
1292,8205,
1293,5152,
1294,1444,
1295,5375,
1296,5529,
1297,2366,
1298,2018,
1299,8747,
1300,7046,
1301,7090,
1302,86,
1303,3621,
1304,3973,
1305,2538,
1306,8577,
1307,2009,
1308,2566,
1309,3300,
1310,9401,
1311,9849,
1312,3629,
1313,4084,
1314,1767,
1315,2519,
1316,713,
1317,8370,
1318,2625,
1319,614,
1320,1777,
1321,2194,
1322,488,
1323,5723,
1324,7647,
1325,968,
1326,7378,
1327,1081,
1328,9714,
1329,6859,
1330,6938,
1331,5102,
1332,1886,
1333,9561,
1334,4518,
1335,3128,
1336,8647,
1337,1371,
1338,6665,
1339,6668,
1340,8846,
1341,9851,
1342,3226,
1343,1592,
1344,3514,
1345,1923,
1346,390,
1347,3767,
1348,9035,
1349,5912,
1350,1890,
1351,6101,
1352,5372,
1353,5367,
1354,9475,
1355,835,
1356,9095,
1357,7967,
1358,2001,
1359,6142,
1360,1261,
1361,1471,
1362,1033,
1363,9787,
1364,6485,
1365,8497,
1366,2770,
1367,7686,
1368,325,
1369,1639,
1370,9266,
1371,5803,
1372,2111,
1373,2052,
1374,2594,
1375,6452,
1376,5710,
1377,6591,
1378,7695,
1379,837,
1380,8738,
1381,8932,
1382,5875,
1383,1652,
1384,567,
1385,2203,
1386,388,
1387,7596,
1388,4572,
1389,4429,
1390,2058,
1391,7444,
1392,4307,
1393,1988,
1394,7911,
1395,6780,
1396,9876,
1397,82,
1398,1714,
1399,408,
1400,3400,
1401,1125,
1402,9524,
1403,6480,
1404,7667,
1405,7721,
1406,6087,
1407,1958,
1408,288,
1409,4991,
1410,4556,
1411,2074,
1412,4051,
1413,157,
1414,2444,
1415,171,
1416,1307,
1417,7990,
1418,2785,
1419,3822,
1420,5431,
1421,1099,
1422,4582,
1423,5924,
1424,395,
1425,7505,
1426,5708,
1427,6023,
1428,5955,
1429,5733,
1430,4670,
1431,3989,
1432,9671,
1433,5390,
1434,7879,
1435,8961,
1436,4607,
1437,530,
1438,2579,
1439,5222,
1440,1961,
1441,8411,
1442,7443,
1443,6253,
1444,233,
1445,5851,
1446,373,
1447,6913,
1448,1712,
1449,1326,
1450,9060,
1451,529,
1452,8512,
1453,2880,
1454,7515,
1455,8710,
1456,8478,
1457,4895,
1458,928,
1459,6197,
1460,8569,
1461,9953,
1462,4175,
1463,1783,
1464,2811,
1465,3304,
1466,3139,
1467,551,
1468,286,
1469,3845,
1470,1852,
1471,2316,
1472,8384,
1473,7612,
1474,126,
1475,1960,
1476,794,
1477,5367,
1478,3191,
1479,560,
1480,3309,
1481,6893,
1482,4435,
1483,3004,
1484,6142,
1485,7140,
1486,2483,
1487,4209,
1488,3844,
1489,2644,
1490,5675,
1491,4718,
1492,895,
1493,5246,
1494,9211,
1495,6724,
1496,6667,
1497,9821,
1498,9713,
1499,8986,
1500,309,
1501,732,
1502,1212,
1503,591,
1504,9086,
1505,2201,
1506,4740,
1507,3745,
1508,7502,
1509,6056,
1510,3640,
1511,3838,
1512,9499,
1513,1610,
1514,4200,
1515,2505,
1516,2745,
1517,9872,
1518,1397,
1519,7023,
1520,7492,
1521,8714,
1522,2117,
1523,3274,
1524,8828,
1525,5509,
1526,747,
1527,9637,
1528,6960,
1529,7669,
1530,9303,
1531,1810,
1532,9615,
1533,1183,
1534,3338,
1535,8057,
1536,8234,
1537,5098,
1538,6253,
1539,2129,
1540,8686,
1541,1126,
1542,8146,
1543,132,
1544,1089,
1545,6782,
1546,4778,
1547,9022,
1548,8235,
1549,2298,
1550,7080,
1551,1334,
1552,2295,
1553,5449,
1554,2487,
1555,9520,
1556,361,
1557,7101,
1558,6200,
1559,6466,
1560,9586,
1561,119,
1562,1982,
1563,6998,
1564,3090,
1565,2116,
1566,3966,
1567,608,
1568,4637,
1569,9768,
1570,2464,
1571,4672,
1572,930,
1573,4554,
1574,2347,
1575,714,
1576,3528,
1577,8720,
1578,7121,
1579,9588,
1580,777,
1581,7037,
1582,1574,
1583,3679,
1584,5764,
1585,200,
1586,151,
1587,2618,
1588,669,
1589,7774,
1590,2200,
1591,5507,
1592,2312,
1593,2059,
1594,655,
1595,9568,
1596,4950,
1597,7381,
1598,6975,
1599,8189,
1600,47,
1601,217,
1602,6775,
1603,2134,
1604,1841,
1605,6171,
1606,1101,
1607,903,
1608,9671,
1609,1512,
1610,3317,
1611,4435,
1612,2334,
1613,6398,
1614,6134,
1615,1250,
1616,5588,
1617,3631,
1618,1310,
1619,462,
1620,9793,
1621,4977,
1622,9061,
1623,176,
1624,3083,
1625,617,
1626,8288,
1627,502,
1628,7668,
1629,4985,
1630,5463,
1631,9704,
1632,8087,
1633,3768,
1634,2649,
1635,6779,
1636,52,
1637,8273,
1638,1246,
1639,9445,
1640,9783,
1641,3631,
1642,2750,
1643,5298,
1644,8656,
1645,9623,
1646,1232,
1647,823,
1648,4094,
1649,9718,
1650,3925,
1651,9685,
1652,4957,
1653,5853,
1654,4614,
1655,9008,
1656,1714,
1657,9002,
1658,6219,
1659,2289,
1660,1972,
1661,5401,
1662,7277,
1663,5336,
1664,4254,
1665,1050,
1666,9150,
1667,2374,
1668,5218,
1669,85,
1670,536,
1671,7434,
1672,6000,
1673,8555,
1674,404,
1675,2650,
1676,8215,
1677,2879,
1678,1020,
1679,4293,
1680,5483,
1681,5750,
1682,5394,
1683,8423,
1684,8248,
1685,1706,
1686,371,
1687,5660,
1688,2662,
1689,965,
1690,3078,
1691,6152,
1692,2381,
1693,492,
1694,1177,
1695,8695,
1696,6987,
1697,6009,
1698,5406,
1699,1424,
1700,8020,
1701,4990,
1702,4242,
1703,1087,
1704,633,
1705,7543,
1706,4095,
1707,5700,
1708,1580,
1709,2031,
1710,7170,
1711,4214,
1712,6899,
1713,9557,
1714,7647,
1715,3547,
1716,1707,
1717,769,
1718,1523,
1719,8908,
1720,6094,
1721,6338,
1722,5867,
1723,2053,
1724,7208,
1725,7354,
1726,675,
1727,2971,
1728,3831,
1729,7596,
1730,8914,
1731,5169,
1732,161,
1733,6068,
1734,8548,
1735,8972,
1736,7867,
1737,3464,
1738,7,
1739,7926,
1740,9271,
1741,7102,
1742,2266,
1743,2720,
1744,1821,
1745,2286,
1746,5443,
1747,3435,
1748,1165,
1749,969,
1750,784,
1751,9880,
1752,5747,
1753,2730,
1754,4417,
1755,8686,
1756,252,
1757,1707,
1758,196,
1759,2013,
1760,5273,
1761,6379,
1762,7232,
1763,6353,
1764,4370,
1765,6096,
1766,1622,
1767,7545,
1768,2061,
1769,4200,
1770,4388,
1771,1544,
1772,1135,
1773,5044,
1774,8108,
1775,4300,
1776,9441,
1777,86,
1778,1910,
1779,2429,
1780,9015,
1781,1626,
1782,4545,
1783,7592,
1784,1069,
1785,1059,
1786,1391,
1787,6253,
1788,9106,
1789,8968,
1790,4450,
1791,6485,
1792,3674,
1793,7935,
1794,753,
1795,6456,
1796,4399,
1797,2008,
1798,848,
1799,8382,
1800,2216,
1801,3710,
1802,783,
1803,1972,
1804,2508,
1805,2505,
1806,1249,
1807,1329,
1808,825,
1809,6263,
1810,7471,
1811,6378,
1812,368,
1813,60,
1814,5646,
1815,3411,
1816,611,
1817,1096,
1818,2287,
1819,9224,
1820,9618,
1821,7016,
1822,3526,
1823,475,
1824,6034,
1825,3919,
1826,1005,
1827,2925,
1828,5023,
1829,4903,
1830,58,
1831,2642,
1832,9203,
1833,9266,
1834,6638,
1835,8896,
1836,5288,
1837,294,
1838,6383,
1839,4073,
1840,1674,
1841,824,
1842,920,
1843,5402,
1844,9665,
1845,2216,
1846,8911,
1847,3827,
1848,334,
1849,2078,
1850,2664,
1851,2503,
1852,4195,
1853,5123,
1854,5032,
1855,4886,
1856,9528,
1857,9300,
1858,1277,
1859,3018,
1860,9275,
1861,8338,
1862,9532,
1863,2142,
1864,6839,
1865,3149,
1866,6698,
1867,6278,
1868,4089,
1869,8914,
1870,2959,
1871,9610,
1872,2335,
1873,8162,
1874,3880,
1875,53,
1876,1297,
1877,8197,
1878,5612,
1879,3214,
1880,6373,
1881,2095,
1882,1986,
1883,8036,
1884,7966,
1885,2258,
1886,257,
1887,8511,
1888,3204,
1889,6820,
1890,5991,
1891,1653,
1892,6746,
1893,2803,
1894,1534,
1895,8282,
1896,8044,
1897,9254,
1898,8540,
1899,1276,
1900,87,
1901,5797,
1902,2410,
1903,8446,
1904,6093,
1905,4908,
1906,8039,
1907,7922,
1908,1753,
1909,6108,
1910,6238,
1911,2765,
1912,3969,
1913,8082,
1914,1477,
1915,3733,
1916,5386,
1917,1548,
1918,2471,
1919,5262,
1920,6287,
1921,5305,
1922,9637,
1923,790,
1924,9749,
1925,177,
1926,7544,
1927,350,
1928,8681,
1929,6485,
1930,8106,
1931,9786,
1932,8251,
1933,2536,
1934,7078,
1935,7899,
1936,5343,
1937,6542,
1938,3453,
1939,2571,
1940,241,
1941,5443,
1942,491,
1943,7095,
1944,4073,
1945,6448,
1946,3497,
1947,6244,
1948,9167,
1949,8585,
1950,8628,
1951,6939,
1952,7105,
1953,1355,
1954,2301,
1955,1127,
1956,2691,
1957,7572,
1958,2723,
1959,2754,
1960,950,
1961,9827,
1962,8638,
1963,1978,
1964,6268,
1965,3186,
1966,1293,
1967,5945,
1968,2651,
1969,9088,
1970,242,
1971,1830,
1972,2528,
1973,9860,
1974,7292,
1975,406,
1976,1206,
1977,5215,
1978,470,
1979,9255,
1980,7511,
1981,354,
1982,430,
1983,2158,
1984,9697,
1985,416,
1986,6905,
1987,9327,
1988,7165,
1989,3493,
1990,6981,
1991,2253,
1992,2764,
1993,4807,
1994,1743,
1995,9523,
1996,8387,
1997,5963,
1998,5829,
1999,2914,
2000,9690,
2001,6347,
2002,4127,
2003,6732,
2004,2639,
2005,2711,
2006,9242,
2007,2016,
2008,5599,
2009,186,
2010,7652,
2011,4119,
2012,5176,
2013,6302,
2014,495,
2015,7423,
2016,4440,
2017,2946,
2018,1968,
2019,6325,
2020,9626,
2021,3371,
2022,3911,
2023,728,
2024,3907,
2025,265,
2026,1860,
2027,4524,
2028,9880,
2029,3244,
2030,6216,
2031,1485,
2032,3843,
2033,3734,
2034,890,
2035,2580,
2036,8389,
2037,9810,
2038,923,
2039,9134,
2040,2125,
2041,3238,
2042,5900,
2043,1995,
2044,7946,
2045,37,
2046,3422,
2047,9893,
2048,4654,
2049,8248,
2050,538,
2051,1794,
2052,9251,
2053,7870,
2054,6322,
2055,7947,
2056,1571,
2057,2818,
2058,3495,
2059,8894,
2060,4274,
2061,2636,
2062,6125,
2063,4993,
2064,4366,
2065,1674,
2066,1916,
2067,3416,
2068,3083,
2069,2831,
2070,6137,
2071,8552,
2072,1992,
2073,1261,
2074,8900,
2075,2781,
2076,2630,
2077,2096,
2078,8563,
2079,3545,
2080,2762,
2081,635,
2082,2334,
2083,4142,
2084,6240,
2085,743,
2086,6236,
2087,3262,
2088,2050,
2089,696,
2090,6751,
2091,7745,
2092,8890,
2093,371,
2094,6748,
2095,3591,
2096,2389,
2097,1133,
2098,1422,
2099,2014,
2100,3816,
2101,4214,
2102,7898,
2103,7718,
2104,7655,
2105,9990,
2106,3173,
2107,9571,
2108,1523,
2109,9942,
2110,3413,
2111,3011,
2112,6900,
2113,3266,
2114,8838,
2115,513,
2116,4584,
2117,9277,
2118,2127,
2119,6681,
2120,7355,
2121,1606,
2122,7332,
2123,461,
2124,9303,
2125,2377,
2126,2957,
2127,855,
2128,6445,
2129,1929,
2130,9222,
2131,2655,
2132,1477,
2133,2253,
2134,136,
2135,3664,
2136,7907,
2137,5705,
2138,8072,
2139,9734,
2140,6251,
2141,735,
2142,7454,
2143,9739,
2144,1541,
2145,7077,
2146,2665,
2147,2323,
2148,9300,
2149,3848,
2150,7218,
2151,5027,
2152,8596,
2153,401,
2154,8238,
2155,9625,
2156,2114,
2157,7047,
2158,1607,
2159,7176,
2160,8017,
2161,1654,
2162,7965,
2163,5587,
2164,2442,
2165,7710,
2166,7065,
2167,8541,
2168,6179,
2169,5231,
2170,8547,
2171,9374,
2172,1155,
2173,5795,
2174,2149,
2175,8601,
2176,1333,
2177,9084,
2178,9263,
2179,1419,
2180,891,
2181,65,
2182,5644,
2183,5782,
2184,7061,
2185,1411,
2186,3605,
2187,2095,
2188,483,
2189,4164,
2190,468,
2191,836,
2192,7687,
2193,1210,
2194,7596,
2195,5330,
2196,9646,
2197,8273,
2198,1047,
2199,5158,
2200,6080,
2201,8703,
2202,2384,
2203,6099,
2204,7141,
2205,8907,
2206,5410,
2207,4052,
2208,5563,
2209,4080,
2210,8608,
2211,6690,
2212,9190,
2213,463,
2214,3527,
2215,1544,
2216,8680,
2217,5043,
2218,7633,
2219,6229,
2220,289,
2221,441,
2222,7596,
2223,5233,
2224,679,
2225,2047,
2226,1962,
2227,5140,
2228,1513,
2229,8556,
2230,6425,
2231,371,
2232,8625,
2233,9569,
2234,7430,
2235,6253,
2236,3369,
2237,2478,
2238,1597,
2239,8437,
2240,3696,
2241,168,
2242,7349,
2243,8528,
2244,9517,
2245,8970,
2246,6202,
2247,4498,
2248,1250,
2249,5018,
2250,4586,
2251,9124,
2252,1204,
2253,5053,
2254,6421,
2255,1656,
2256,5162,
2257,4461,
2258,2206,
2259,1472,
2260,3029,
2261,7337,
2262,9527,
2263,9996,
2264,3935,
2265,1822,
2266,9900,
2267,2147,
2268,2791,
2269,4149,
2270,1519,
2271,3684,
2272,4299,
2273,1533,
2274,6660,
2275,525,
2276,983,
2277,1978,
2278,2685,
2279,252,
2280,5517,
2281,1134,
2282,7097,
2283,1075,
2284,6693,
2285,8568,
2286,664,
2287,8209,
2288,1176,
2289,986,
2290,9538,
2291,3359,
2292,4663,
2293,5855,
2294,361,
2295,8361,
2296,5074,
2297,2765,
2298,6076,
2299,3134,
2300,6614,
2301,5719,
2302,3502,
2303,2377,
2304,8885,
2305,134,
2306,550,
2307,7777,
2308,8188,
2309,2808,
2310,9512,
2311,5693,
2312,4097,
2313,5433,
2314,7860,
2315,9420,
2316,8476,
2317,4018,
2318,4957,
2319,3652,
2320,632,
2321,240,
2322,6301,
2323,4730,
2324,682,
2325,9511,
2326,8151,
2327,5985,
2328,9745,
2329,7478,
2330,7837,
2331,1766,
2332,7070,
2333,5916,
2334,4019,
2335,6684,
2336,8070,
2337,1243,
2338,6931,
2339,2419,
2340,2293,
2341,8939,
2342,8595,
2343,6671,
2344,7014,
2345,1571,
2346,7940,
2347,229,
2348,2064,
2349,5828,
2350,3148,
2351,1865,
2352,5619,
2353,9686,
2354,4903,
2355,2086,
2356,6372,
2357,632,
2358,4105,
2359,5742,
2360,7525,
2361,2657,
2362,9895,
2363,2099,
2364,184,
2365,396,
2366,4294,
2367,6660,
2368,2645,
2369,6212,
2370,2708,
2371,1484,
2372,2714,
2373,316,
2374,4902,
2375,5848,
2376,6163,
2377,978,
2378,2930,
2379,8312,
2380,8458,
2381,8117,
2382,1070,
2383,3543,
2384,8400,
2385,6261,
2386,7816,
2387,2366,
2388,8045,
2389,1242,
2390,3111,
2391,2854,
2392,5397,
2393,7,
2394,7026,
2395,6925,
2396,4700,
2397,8976,
2398,4768,
2399,7483,
2400,810,
2401,8634,
2402,8687,
2403,116,
2404,5426,
2405,8274,
2406,8777,
2407,1009,
2408,6384,
2409,8400,
2410,2324,
2411,4443,
2412,5218,
2413,7469,
2414,1001,
2415,8343,
2416,344,
2417,1284,
2418,8648,
2419,9545,
2420,270,
2421,4757,
2422,2041,
2423,434,
2424,522,
2425,1775,
2426,2374,
2427,6075,
2428,4225,
2429,6703,
2430,6791,
2431,6679,
2432,9871,
2433,6484,
2434,2974,
2435,5587,
2436,6358,
2437,1077,
2438,852,
2439,5058,
2440,1622,
2441,9125,
2442,148,
2443,3671,
2444,5390,
2445,6325,
2446,1671,
2447,4433,
2448,227,
2449,3851,
2450,5535,
2451,798,
2452,4175,
2453,7058,
2454,1448,
2455,1177,
2456,1931,
2457,9058,
2458,1915,
2459,7046,
2460,9552,
2461,17,
2462,9237,
2463,9665,
2464,73,
2465,2746,
2466,2039,
2467,4977,
2468,765,
2469,2221,
2470,7136,
2471,8786,
2472,5997,
2473,1751,
2474,1560,
2475,2547,
2476,1353,
2477,7892,
2478,3790,
2479,6173,
2480,7000,
2481,834,
2482,7749,
2483,4806,
2484,6375,
2485,3720,
2486,9402,
2487,5669,
2488,3297,
2489,7959,
2490,4457,
2491,7142,
2492,800,
2493,2287,
2494,1888,
2495,8672,
2496,6307,
2497,949,
2498,5188,
2499,4102,
2500,4928,
2501,6595,
2502,6691,
2503,2571,
2504,1036,
2505,960,
2506,9018,
2507,8057,
2508,5433,
2509,8466,
2510,1752,
2511,275,
2512,8719,
2513,5186,
2514,4626,
2515,1753,
2516,7279,
2517,8943,
2518,2120,
2519,2380,
2520,8467,
2521,6198,
2522,6104,
2523,6867,
2524,6346,
2525,9344,
2526,9282,
2527,2126,
2528,5331,
2529,3467,
2530,1788,
2531,7513,
2532,3383,
2533,478,
2534,3959,
2535,1907,
2536,4604,
2537,3672,
2538,577,
2539,9759,
2540,2055,
2541,5112,
2542,4700,
2543,3034,
2544,3617,
2545,3170,
2546,5566,
2547,3327,
2548,5550,
2549,2160,
2550,571,
2551,9367,
2552,5930,
2553,967,
2554,6864,
2555,8229,
2556,2821,
2557,2876,
2558,9634,
2559,5265,
2560,6849,
2561,455,
2562,4039,
2563,5731,
2564,8921,
2565,918,
2566,8130,
2567,5715,
2568,5812,
2569,8421,
2570,7125,
2571,4878,
2572,5594,
2573,749,
2574,5457,
2575,1404,
2576,7334,
2577,1594,
2578,1106,
2579,4415,
2580,3645,
2581,1426,
2582,9401,
2583,9806,
2584,6046,
2585,6611,
2586,4042,
2587,7507,
2588,6186,
2589,8108,
2590,375,
2591,1218,
2592,6902,
2593,2606,
2594,2508,
2595,6316,
2596,894,
2597,820,
2598,382,
2599,6963,
2600,4573,
2601,1521,
2602,5149,
2603,446,
2604,2523,
2605,761,
2606,6065,
2607,4687,
2608,4613,
2609,579,
2610,6308,
2611,6947,
2612,5043,
2613,5565,
2614,780,
2615,4761,
2616,2118,
2617,4177,
2618,7772,
2619,4183,
2620,2353,
2621,582,
2622,923,
2623,2697,
2624,7241,
2625,9466,
2626,7829,
2627,28,
2628,6912,
2629,5551,
2630,33,
2631,6506,
2632,6510,
2633,5363,
2634,3971,
2635,3927,
2636,9265,
2637,229,
2638,547,
2639,7308,
2640,5911,
2641,8020,
2642,7374,
2643,6049,
2644,1481,
2645,3722,
2646,2250,
2647,416,
2648,9323,
2649,9097,
2650,6560,
2651,9239,
2652,9329,
2653,6613,
2654,7141,
2655,5838,
2656,8724,
2657,5586,
2658,6233,
2659,9130,
2660,2836,
2661,4639,
2662,3925,
2663,322,
2664,1888,
2665,116,
2666,5742,
2667,9824,
2668,1573,
2669,8392,
2670,3839,
2671,6042,
2672,788,
2673,3429,
2674,566,
2675,1122,
2676,5719,
2677,8576,
2678,1645,
2679,9770,
2680,7476,
2681,1812,
2682,3436,
2683,5164,
2684,2306,
2685,1134,
2686,1341,
2687,3593,
2688,9612,
2689,1599,
2690,4016,
2691,7392,
2692,3861,
2693,77,
2694,5345,
2695,2273,
2696,75,
2697,9259,
2698,2678,
2699,8611,
2700,3454,
2701,8650,
2702,8397,
2703,5555,
2704,6211,
2705,8559,
2706,7750,
2707,7534,
2708,7076,
2709,5895,
2710,476,
2711,9248,
2712,6570,
2713,8841,
2714,8106,
2715,3182,
2716,4110,
2717,1547,
2718,5051,
2719,9569,
2720,8347,
2721,1448,
2722,3075,
2723,84,
2724,7897,
2725,2480,
2726,1260,
2727,5808,
2728,8918,
2729,9584,
2730,8131,
2731,9494,
2732,9941,
2733,6867,
2734,357,
2735,2861,
2736,3788,
2737,1241,
2738,8084,
2739,4924,
2740,7592,
2741,6680,
2742,3935,
2743,7626,
2744,5700,
2745,7248,
2746,9264,
2747,3252,
2748,1978,
2749,6643,
2750,1783,
2751,6959,
2752,5241,
2753,4085,
2754,904,
2755,2911,
2756,3880,
2757,464,
2758,3392,
2759,2263,
2760,7066,
2761,1195,
2762,9982,
2763,5954,
2764,4322,
2765,300,
2766,9535,
2767,2865,
2768,5304,
2769,2619,
2770,1866,
2771,8902,
2772,5869,
2773,8857,
2774,4734,
2775,8800,
2776,6907,
2777,7410,
2778,9512,
2779,9608,
2780,8017,
2781,447,
2782,5961,
2783,6843,
2784,5246,
2785,78,
2786,2296,
2787,1385,
2788,7307,
2789,8501,
2790,9908,
2791,8094,
2792,1646,
2793,9205,
2794,7245,
2795,4671,
2796,3676,
2797,4204,
2798,6035,
2799,2823,
2800,4415,
2801,7150,
2802,9455,
2803,6578,
2804,1528,
2805,4517,
2806,9265,
2807,6250,
2808,6871,
2809,246,
2810,1513,
2811,6912,
2812,7049,
2813,5605,
2814,9530,
2815,5421,
2816,3489,
2817,7772,
2818,3179,
2819,9754,
2820,1930,
2821,9064,
2822,5424,
2823,9341,
2824,8891,
2825,3109,
2826,6233,
2827,2132,
2828,6108,
2829,6923,
2830,5338,
2831,2343,
2832,2184,
2833,4297,
2834,1274,
2835,3801,
2836,2452,
2837,5441,
2838,368,
2839,4111,
2840,4143,
2841,7220,
2842,7995,
2843,6869,
2844,4922,
2845,7231,
2846,8112,
2847,8477,
2848,9738,
2849,6054,
2850,9546,
2851,2697,
2852,2524,
2853,480,
2854,3772,
2855,2699,
2856,2440,
2857,1875,
2858,1627,
2859,9723,
2860,7977,
2861,4802,
2862,3210,
2863,1689,
2864,7084,
2865,7908,
2866,6117,
2867,7923,
2868,7543,
2869,343,
2870,99,
2871,8873,
2872,7452,
2873,8644,
2874,54,
2875,9919,
2876,4045,
2877,7365,
2878,1012,
2879,2451,
2880,5634,
2881,9892,
2882,4683,
2883,4703,
2884,9353,
2885,9078,
2886,8000,
2887,9985,
2888,6110,
2889,8856,
2890,937,
2891,4170,
2892,2204,
2893,5576,
2894,6332,
2895,708,
2896,9458,
2897,1304,
2898,8375,
2899,2263,
2900,6729,
2901,2094,
2902,8034,
2903,2142,
2904,165,
2905,9839,
2906,4386,
2907,5237,
2908,2314,
2909,4974,
2910,7823,
2911,6134,
2912,2993,
2913,2031,
2914,5783,
2915,3460,
2916,4779,
2917,2577,
2918,372,
2919,9831,
2920,2821,
2921,9643,
2922,8972,
2923,9866,
2924,7196,
2925,6678,
2926,601,
2927,4369,
2928,9827,
2929,6651,
2930,6968,
2931,1647,
2932,3731,
2933,3263,
2934,6357,
2935,647,
2936,7523,
2937,2204,
2938,2215,
2939,3505,
2940,8648,
2941,418,
2942,6279,
2943,3439,
2944,1038,
2945,8526,
2946,7335,
2947,3696,
2948,3879,
2949,5625,
2950,9601,
2951,1525,
2952,2900,
2953,3140,
2954,1677,
2955,8243,
2956,2386,
2957,2466,
2958,1127,
2959,5528,
2960,582,
2961,6664,
2962,1952,
2963,2401,
2964,525,
2965,3344,
2966,7540,
2967,6235,
2968,477,
2969,7684,
2970,3133,
2971,8601,
2972,8528,
2973,2057,
2974,8870,
2975,3398,
2976,866,
2977,4281,
2978,9426,
2979,571,
2980,2760,
2981,2566,
2982,3613,
2983,2243,
2984,9619,
2985,9868,
2986,7827,
2987,3932,
2988,3766,
2989,1462,
2990,2240,
2991,9393,
2992,4292,
2993,132,
2994,679,
2995,2358,
2996,110,
2997,1531,
2998,504,
2999,340,
